p1,  -1344.987084,  149.421363,  -154.926473
p2,  -1257.975625,  142.874055,  -107.695433
p3,  -1298.325199,  114.601326,  -103.009674
p4,  -1299.125626,  164.344349,  -103.516257
p5,  -1299.924400,  214.220953,  -104.015388
p6,  -1338.461682,  80.542955,  -99.322456
p7,  -1338.223814,  132.158347,  -99.607314
p8,  -1337.705606,  184.384171,  -99.835903
p9,  -1336.808274,  237.452023,  -100.050397
p10,  -1335.344064,  291.939922,  -100.270033
p11,  -1376.516792,  148.051771,  -96.698481
p12,  -1374.306967,  201.962643,  -96.867720
p13,  -1371.183985,  257.141895,  -96.977520
p14,  -1409.777546,  216.494821,  -94.540028
p15,  -1258.882649,  142.427529,  -147.728731
p16,  -1299.380686,  113.705532,  -143.067634
p17,  -1300.230013,  163.387557,  -143.573067
p18,  -1301.068446,  213.150987,  -144.103612
p19,  -1339.634242,  79.492075,  -139.399797
p20,  -1339.475809,  130.988846,  -139.690947
p21,  -1339.061451,  183.054934,  -139.940368
p22,  -1338.301809,  235.928642,  -140.174258
p23,  -1337.038882,  290.145333,  -140.421989
p24,  -1377.986882,  146.660509,  -136.803489
p25,  -1375.942594,  200.411307,  -136.967573
p26,  -1373.059175,  255.381527,  -137.089460
p27,  -1411.678246,  214.838620,  -134.638600
p28,  -1249.302341,  171.136767,  -100.418014
p29,  -1291.306436,  130.371889,  -100.441112
p30,  -1290.257215,  182.736875,  -101.345423
p31,  -1288.786687,  235.605643,  -102.338976
p32,  -1334.019372,  87.430208,  -100.311713
p33,  -1332.527885,  140.012711,  -101.314682
p34,  -1330.589723,  193.082001,  -102.424578
p35,  -1328.064583,  246.639656,  -103.646127
p36,  -1324.758496,  300.832863,  -105.083234
p37,  -1373.423277,  148.563094,  -102.280714
p38,  -1370.609139,  202.003130,  -103.603819
p39,  -1367.052126,  255.960518,  -105.059768
p40,  -1410.581828,  209.544654,  -104.796268
p41,  -1251.165402,  168.999012,  -140.142625
p42,  -1293.134690,  128.477017,  -140.176176
p43,  -1292.205679,  180.736860,  -141.058114
p44,  -1290.888303,  233.495096,  -142.005085
p45,  -1335.793438,  85.753361,  -140.064227
p46,  -1334.407579,  138.271669,  -141.047834
p47,  -1332.589832,  191.243998,  -142.113782
p48,  -1330.208428,  244.720015,  -143.329001
p49,  -1327.076525,  298.842736,  -144.707608
p50,  -1375.315532,  146.940947,  -142.002260
p51,  -1372.611513,  200.330245,  -143.283379
p52,  -1369.196428,  254.230896,  -144.727183
p53,  -1412.563047,  208.025659,  -144.496487
p54,  -1255.746424,  120.161907,  -129.822059
p55,  -1299.556053,  80.725599,  -130.642796
p56,  -1300.454791,  130.550512,  -131.089985
p57,  -1301.335873,  180.405273,  -131.546805
p58,  -1343.329806,  39.545133,  -131.174849
p59,  -1343.888412,  90.009564,  -131.752589
p60,  -1344.386878,  140.578237,  -132.352200
p61,  -1344.812630,  191.271925,  -132.992783
p62,  -1345.153626,  242.077741,  -133.645245
p63,  -1387.594295,  98.880219,  -132.834585
p64,  -1387.611057,  150.095699,  -133.608433
p65,  -1387.490254,  201.493331,  -134.395927
p66,  -1430.267250,  158.883194,  -134.777330
p67,  -1256.639863,  119.374259,  -169.679563
p68,  -1300.411735,  80.065961,  -170.526025
p69,  -1301.329270,  129.879014,  -170.959456
p70,  -1302.231561,  179.698705,  -171.423203
p71,  -1344.128616,  38.982177,  -171.072209
p72,  -1344.703419,  89.438849,  -171.655539
p73,  -1345.211180,  140.010599,  -172.254662
p74,  -1345.653372,  190.679446,  -172.883129
p75,  -1346.010874,  241.492488,  -173.527985
p76,  -1388.354584,  98.383505,  -172.758915
p77,  -1388.375479,  149.588638,  -173.511313
p78,  -1388.257222,  201.022323,  -174.312219
p79,  -1430.958109,  158.477166,  -174.723430
p80,  -1257.686668,  131.705609,  -117.946808
p81,  -1299.902367,  100.035389,  -115.122401
p82,  -1301.030957,  148.977766,  -115.616922
p83,  -1302.201389,  197.785074,  -116.133125
p84,  -1341.712536,  64.384600,  -112.644016
p85,  -1342.172149,  114.915034,  -113.077288
p86,  -1342.541769,  165.680057,  -113.486956
p87,  -1342.796340,  216.711505,  -113.906881
p88,  -1342.893149,  268.161090,  -114.349778
p89,  -1383.131989,  128.893889,  -111.240180
p90,  -1382.465430,  181.095759,  -111.625335
p91,  -1381.424390,  233.958574,  -111.999601
p92,  -1421.196601,  194.799358,  -110.046956
p93,  -1258.491198,  131.439444,  -157.921638
p94,  -1300.731661,  99.579330,  -155.098461
p95,  -1301.876003,  148.538931,  -155.595727
p96,  -1303.052538,  197.349013,  -156.136141
p97,  -1342.568758,  63.830130,  -152.649149
p98,  -1343.050419,  114.336295,  -153.073850
p99,  -1343.448301,  165.079690,  -153.487739
p100,  -1343.736299,  216.054976,  -153.914465
p101,  -1343.875170,  267.454141,  -154.360343
p102,  -1384.074022,  128.202896,  -151.248826
p103,  -1383.450898,  180.350544,  -151.636489
p104,  -1382.469434,  233.135648,  -152.026362
p105,  -1422.262381,  193.967200,  -150.066213
p106,  -1255.325042,  146.967465,  -112.653744
p107,  -1297.435003,  109.771220,  -111.974717
p108,  -1297.760786,  160.518123,  -112.500468
p109,  -1297.974036,  211.504515,  -113.045718
p110,  -1339.795051,  69.844318,  -111.259074
p111,  -1339.562771,  121.336602,  -111.875016
p112,  -1339.110652,  173.172631,  -112.509767
p113,  -1338.376691,  225.426441,  -113.177221
p114,  -1337.268827,  278.196328,  -113.921104
p115,  -1380.944307,  131.979583,  -111.878310
p116,  -1379.610732,  184.617772,  -112.645201
p117,  -1377.808982,  237.782038,  -113.473136
p118,  -1419.561907,  194.694379,  -112.887657
p119,  -1256.500240,  145.724669,  -152.575208
p120,  -1298.624918,  108.598534,  -151.886868
p121,  -1298.997763,  159.273933,  -152.413432
p122,  -1299.275799,  210.167822,  -152.950833
p123,  -1340.972139,  68.758267,  -151.174898
p124,  -1340.787857,  120.191113,  -151.777814
p125,  -1340.398855,  171.985026,  -152.388027
p126,  -1339.736102,  224.160412,  -153.067452
p127,  -1338.723895,  276.843392,  -153.800710
p128,  -1382.194578,  130.902073,  -151.789945
p129,  -1380.924963,  183.481158,  -152.552793
p130,  -1379.204958,  236.598795,  -153.360769
p131,  -1420.878099,  193.604801,  -152.788516
p132,  -1255.960763,  122.062730,  -128.114921
p133,  -1299.492049,  84.867317,  -127.999334
p134,  -1300.556408,  134.251368,  -128.390895
p135,  -1301.619586,  183.572539,  -128.800720
p136,  -1342.848793,  45.440995,  -127.712816
p137,  -1343.511644,  95.698586,  -128.217502
p138,  -1344.119071,  146.064232,  -128.721157
p139,  -1344.680251,  196.515471,  -129.252144
p140,  -1345.166333,  247.102594,  -129.788624
p141,  -1386.732237,  106.062572,  -128.450669
p142,  -1386.780884,  157.239802,  -129.064927
p143,  -1386.670571,  208.709933,  -129.718428
p144,  -1428.687175,  167.611145,  -129.418665
p145,  -1256.793119,  121.507195,  -168.034929
p146,  -1300.287571,  84.359237,  -167.930483
p147,  -1301.362407,  133.733915,  -168.331046
p148,  -1302.444978,  183.039057,  -168.721437
p149,  -1343.602307,  44.986977,  -167.653824
p150,  -1344.270559,  95.244818,  -168.161693
p151,  -1344.892292,  145.616044,  -168.668119
p152,  -1345.465372,  196.057282,  -169.173701
p153,  -1345.966802,  246.646129,  -169.721128
p154,  -1387.455744,  105.637870,  -168.395372
p155,  -1387.511923,  156.837762,  -169.015671
p156,  -1387.411837,  208.304165,  -169.655329
p157,  -1429.359830,  167.233965,  -169.372040
p158,  -1256.542558,  121.011098,  -126.924624
p159,  -1299.921077,  86.817291,  -125.492610
p160,  -1301.187196,  135.432823,  -125.920504
p161,  -1302.499711,  183.863388,  -126.364029
p162,  -1342.863878,  49.711384,  -124.091541
p163,  -1343.676473,  99.620851,  -124.544816
p164,  -1344.464504,  149.605678,  -125.003190
p165,  -1345.228838,  199.618480,  -125.461230
p166,  -1345.964315,  249.706632,  -125.931128
p167,  -1386.365784,  111.913833,  -123.664866
p168,  -1386.484026,  163.033783,  -124.160593
p169,  -1386.441574,  214.498251,  -124.648710
p170,  -1427.458965,  175.442957,  -123.397676
p171,  -1257.284550,  120.872229,  -166.873868
p172,  -1300.636347,  86.604454,  -165.447769
p173,  -1301.911477,  135.266657,  -165.881166
p174,  -1303.225280,  183.669398,  -166.341991
p175,  -1343.547645,  49.456847,  -164.073442
p176,  -1344.368816,  99.374095,  -164.517267
p177,  -1345.160949,  149.363695,  -164.972756
p178,  -1345.931605,  199.381276,  -165.424063
p179,  -1346.675374,  249.491480,  -165.899512
p180,  -1387.038364,  111.625621,  -163.638144
p181,  -1387.156922,  162.757495,  -164.130617
p182,  -1387.125286,  214.220247,  -164.629845
p183,  -1428.115961,  175.131540,  -163.375479
p184,  -1344.992303,  149.471600,  -154.964990
