p1,  -1182.582978,  -106.302083,  -156.147987
p2,  -1060.466144,  -81.193430,  -158.447056
p3,  -1133.316173,  -134.442474,  -155.455004
p4,  -1133.528659,  -84.193096,  -156.481602
p5,  -1133.556143,  -33.596181,  -157.894534
p6,  -1201.660078,  -184.965687,  -152.093511
p7,  -1204.232759,  -134.670347,  -152.843760
p8,  -1207.283732,  -84.097171,  -153.771304
p9,  -1211.122490,  -33.036052,  -155.076815
p10,  -1216.256603,  18.847830,  -157.111304
p11,  -1274.556413,  -132.573589,  -150.044769
p12,  -1280.158369,  -81.293620,  -150.662426
p13,  -1287.271286,  -29.137989,  -151.621291
p14,  -1350.905758,  -76.316587,  -147.296998
p15,  -1061.099448,  -81.759591,  -198.826899
p16,  -1133.787524,  -134.902656,  -195.584418
p17,  -1133.945170,  -84.672635,  -196.626158
p18,  -1133.868332,  -34.080584,  -198.084381
p19,  -1201.918425,  -185.536527,  -192.214875
p20,  -1204.354768,  -135.285719,  -192.976654
p21,  -1207.282336,  -84.714697,  -193.971276
p22,  -1210.897872,  -33.705719,  -195.366751
p23,  -1215.710983,  18.089842,  -197.500002
p24,  -1274.400226,  -133.363746,  -190.230988
p25,  -1279.803641,  -82.143395,  -190.910669
p26,  -1286.641563,  -30.123127,  -191.950399
p27,  -1350.311610,  -77.443480,  -187.575792
p28,  -1123.077449,  -103.859413,  -121.456599
p29,  -1184.355686,  -152.959514,  -117.366539
p30,  -1188.078667,  -102.398643,  -117.484412
p31,  -1192.347300,  -51.567827,  -117.586838
p32,  -1243.433877,  -201.721408,  -113.743695
p33,  -1247.585273,  -150.894015,  -113.743473
p34,  -1252.348853,  -99.754304,  -113.709825
p35,  -1257.797062,  -48.256372,  -113.607692
p36,  -1264.104094,  3.760153,  -113.415262
p37,  -1310.018869,  -147.932724,  -110.323506
p38,  -1315.565232,  -96.209376,  -110.116235
p39,  -1321.879129,  -43.942199,  -109.859279
p40,  -1377.524614,  -91.965688,  -106.723090
p41,  -1121.956379,  -104.564223,  -161.925918
p42,  -1183.461631,  -153.756905,  -157.794676
p43,  -1187.030827,  -103.268561,  -157.947802
p44,  -1191.160679,  -52.515415,  -158.117343
p45,  -1242.719473,  -202.587729,  -154.117054
p46,  -1246.789252,  -151.828894,  -154.156557
p47,  -1251.440508,  -100.766956,  -154.175723
p48,  -1256.748785,  -49.368146,  -154.109768
p49,  -1262.956254,  2.538834,  -153.989135
p50,  -1309.322528,  -148.970896,  -150.715560
p51,  -1314.802837,  -97.336928,  -150.558687
p52,  -1321.018866,  -45.177583,  -150.319251
p53,  -1376.906896,  -93.184109,  -147.112256
p54,  -1072.751528,  -119.519884,  -97.217500
p55,  -1134.410976,  -171.128108,  -94.704699
p56,  -1135.012526,  -121.138372,  -95.302358
p57,  -1135.558473,  -71.082486,  -95.963937
p58,  -1194.592398,  -221.935414,  -92.406282
p59,  -1195.959406,  -171.942706,  -92.970872
p60,  -1197.385980,  -121.885608,  -93.548996
p61,  -1198.878219,  -71.791748,  -94.136914
p62,  -1200.472933,  -21.644970,  -94.776690
p63,  -1257.424864,  -171.913216,  -91.399432
p64,  -1259.637912,  -121.761038,  -91.924706
p65,  -1262.076005,  -71.495077,  -92.509815
p66,  -1321.602080,  -120.802135,  -90.469583
p67,  -1073.128520,  -119.942296,  -137.334902
p68,  -1134.916072,  -171.599527,  -134.793467
p69,  -1135.509179,  -121.595193,  -135.418237
p70,  -1136.022249,  -71.562418,  -136.076098
p71,  -1195.211392,  -222.416343,  -132.497982
p72,  -1196.577377,  -172.419044,  -133.062786
p73,  -1197.994396,  -122.372374,  -133.660834
p74,  -1199.491012,  -72.283711,  -134.272994
p75,  -1201.079164,  -22.141532,  -134.931622
p76,  -1258.139618,  -172.429531,  -131.478742
p77,  -1260.371300,  -122.252848,  -132.035180
p78,  -1262.825852,  -72.000375,  -132.623710
p79,  -1322.455555,  -121.298646,  -130.571064
p80,  -1054.470200,  -91.922799,  -144.232568
p81,  -1123.453609,  -145.247945,  -141.696806
p82,  -1122.957068,  -95.083063,  -142.547003
p83,  -1122.111795,  -44.734316,  -143.561152
p84,  -1189.348327,  -196.540423,  -139.137382
p85,  -1190.639946,  -146.477544,  -139.850355
p86,  -1192.068765,  -96.271087,  -140.710276
p87,  -1193.626257,  -45.912269,  -141.712247
p88,  -1195.417126,  4.680124,  -143.011583
p89,  -1257.761699,  -145.987699,  -137.971581
p90,  -1261.025716,  -95.513409,  -138.717857
p91,  -1264.932778,  -44.724067,  -139.631597
p92,  -1329.162517,  -92.980045,  -136.610974
p93,  -1055.490542,  -92.365083,  -184.331840
p94,  -1124.331104,  -145.718217,  -181.787893
p95,  -1123.849404,  -95.532623,  -182.684718
p96,  -1122.982666,  -45.188202,  -183.716859
p97,  -1190.118043,  -197.029107,  -179.218369
p98,  -1191.395232,  -146.970475,  -179.962862
p99,  -1192.796808,  -96.771849,  -180.827039
p100,  -1194.310373,  -46.425177,  -181.871498
p101,  -1196.048668,  4.201452,  -183.270422
p102,  -1258.392549,  -146.535756,  -178.084467
p103,  -1261.619487,  -96.066919,  -178.858436
p104,  -1265.467462,  -45.323150,  -179.790704
p105,  -1329.640039,  -93.624914,  -176.755100
p106,  -1086.608827,  -104.634412,  -127.981331
p107,  -1150.936115,  -155.518853,  -124.602298
p108,  -1152.531737,  -105.455989,  -125.221559
p109,  -1154.246860,  -55.288247,  -125.893297
p110,  -1212.795265,  -205.414446,  -121.513922
p111,  -1215.367943,  -155.201089,  -121.983593
p112,  -1218.265886,  -104.851251,  -122.478522
p113,  -1221.602620,  -54.339732,  -123.025137
p114,  -1225.487796,  -3.614850,  -123.641664
p115,  -1279.396032,  -153.725767,  -119.479079
p116,  -1283.479928,  -102.961192,  -119.841372
p117,  -1288.195757,  -51.907930,  -120.249131
p118,  -1347.758401,  -99.971950,  -117.299463
p119,  -1086.557073,  -105.040491,  -168.175206
p120,  -1150.955586,  -156.027276,  -164.767384
p121,  -1152.475377,  -105.976137,  -165.411846
p122,  -1154.101950,  -55.820673,  -166.124982
p123,  -1212.870666,  -205.978207,  -161.661542
p124,  -1215.402356,  -155.792269,  -162.152519
p125,  -1218.250264,  -105.471799,  -162.685053
p126,  -1221.496245,  -54.981644,  -163.287816
p127,  -1225.282921,  -4.277257,  -163.957644
p128,  -1279.465334,  -154.383280,  -159.649272
p129,  -1283.491860,  -103.662264,  -160.043182
p130,  -1288.154915,  -52.646980,  -160.502123
p131,  -1347.821040,  -100.744548,  -157.496013
p132,  -1062.962350,  -111.464319,  -113.587548
p133,  -1126.556784,  -163.767089,  -111.189133
p134,  -1126.641226,  -113.706289,  -111.864283
p135,  -1126.546589,  -63.611144,  -112.589057
p136,  -1188.348652,  -214.906499,  -108.967491
p137,  -1189.439216,  -164.911753,  -109.574759
p138,  -1190.566454,  -114.852717,  -110.236138
p139,  -1191.705412,  -64.761015,  -110.914530
p140,  -1192.901610,  -14.601077,  -111.679607
p141,  -1252.293747,  -165.075831,  -108.076435
p142,  -1254.427475,  -114.910292,  -108.689338
p143,  -1256.810305,  -64.643223,  -109.354245
p144,  -1317.971771,  -113.916688,  -107.251780
p145,  -1063.626714,  -111.877303,  -153.685885
p146,  -1127.291440,  -164.229151,  -151.278669
p147,  -1127.365720,  -114.171052,  -151.971748
p148,  -1127.252431,  -64.055627,  -152.720549
p149,  -1189.134163,  -215.387641,  -149.054892
p150,  -1190.234015,  -165.388506,  -149.664260
p151,  -1191.351334,  -115.331085,  -150.335778
p152,  -1192.503357,  -65.243837,  -151.060099
p153,  -1193.694094,  -15.065034,  -151.858153
p154,  -1253.137153,  -165.542823,  -148.173821
p155,  -1255.297990,  -115.403166,  -148.793077
p156,  -1257.688203,  -65.126528,  -149.489993
p157,  -1318.908384,  -114.400060,  -147.346659
p158,  -1050.188616,  -101.256834,  -128.969496
p159,  -1116.347780,  -154.631454,  -126.857144
p160,  -1115.596898,  -104.448773,  -127.597274
p161,  -1114.496729,  -54.156982,  -128.411872
p162,  -1180.305568,  -206.357733,  -124.789408
p163,  -1180.961201,  -156.351817,  -125.463657
p164,  -1181.550793,  -106.262617,  -126.199284
p165,  -1182.083849,  -56.101128,  -127.017508
p166,  -1182.562347,  -5.830863,  -127.991382
p167,  -1245.634900,  -156.792206,  -124.104247
p168,  -1247.618111,  -106.633792,  -124.814965
p169,  -1249.850558,  -56.302006,  -125.643429
p170,  -1313.357025,  -105.594008,  -123.448302
p171,  -1051.257749,  -101.729470,  -169.049082
p172,  -1117.393850,  -155.113793,  -166.932171
p173,  -1116.689815,  -104.931140,  -167.684504
p174,  -1115.576613,  -54.622282,  -168.535369
p175,  -1181.332161,  -206.826067,  -164.858085
p176,  -1182.022228,  -156.824644,  -165.541751
p177,  -1182.631079,  -106.735583,  -166.302869
p178,  -1183.181323,  -56.576793,  -167.160625
p179,  -1183.661634,  -6.279619,  -168.185403
p180,  -1246.674452,  -157.266605,  -164.201651
p181,  -1248.688363,  -107.110298,  -164.920124
p182,  -1250.931486,  -56.792608,  -165.784635
p183,  -1314.415154,  -106.061369,  -163.571865
p184,  -1182.387342,  -106.587138,  -156.307543
